VertexCount,GroupNumber,Colors,Time
10 1 6.380 0.580
10 2 5.710 0.590
10 3 4.730 0.300
10 4 3.640 0.200
20 1 10.970 1.830
20 2 9.350 0.470
20 3 7.600 0.270
20 4 5.550 0.270
30 1 14.660 2.300
30 2 12.550 0.720
30 3 10.170 0.530
30 4 6.980 0.190
40 1 18.390 1.760
40 2 15.280 3.390
40 3 12.230 0.490
40 4 8.470 0.230
50 1 21.570 3.050
50 2 18.020 1.440
50 3 14.260 0.880
50 4 9.610 0.480
60 1 25.200 6.530
60 2 20.330 3.950
60 3 16.150 1.320
60 4 10.810 0.910
70 1 28.100 3.180
70 2 23.220 6.550
70 3 17.980 1.490
70 4 11.960 0.720
80 1 30.850 4.700
80 2 25.670 3.250
80 3 19.710 6.860
80 4 12.960 3.620
90 1 34.060 6.350
90 2 27.550 4.320
90 3 21.600 2.610
90 4 14.030 1.280
100 1 36.440 8.500
100 2 30.180 5.620
100 3 23.670 4.610
100 4 14.950 2.020
110 1 39.870 10.950
110 2 32.300 8.050
110 3 24.870 5.450
110 4 16.020 2.190
120 1 42.730 12.790
120 2 34.870 9.540
120 3 26.850 6.180
120 4 17.050 2.530
130 1 45.790 17.200
130 2 36.720 11.810
130 3 28.040 6.650
130 4 17.980 3.390
140 1 47.660 30.400
140 2 38.600 14.760
140 3 29.610 14.580
140 4 18.990 4.820
150 1 49.810 28.780
150 2 40.810 19.350
150 3 31.130 12.640
150 4 19.560 4.800
160 1 53.400 32.780
160 2 43.410 22.640
160 3 33.430 14.190
160 4 20.740 5.150
170 1 55.360 41.550
170 2 45.100 25.420
170 3 34.130 16.790
170 4 21.720 7.350
180 1 58.170 46.910
180 2 47.130 29.380
180 3 35.570 19.070
180 4 22.320 7.180
190 1 60.850 53.570
190 2 49.150 32.410
190 3 38.100 24.330
190 4 23.360 8.170
200 1 62.870 56.780
200 2 50.520 38.410
200 3 38.550 25.360
200 4 24.320 9.130
210 1 65.370 65.240
210 2 52.610 41.490
210 3 40.190 24.940
210 4 25.240 10.360
220 1 67.390 69.790
220 2 55.460 59.290
220 3 40.960 34.860
220 4 25.620 15.530
230 1 70.330 76.780
230 2 56.960 51.020
230 3 42.600 32.990
230 4 26.640 14.010
240 1 73.290 88.980
240 2 58.280 61.210
240 3 44.110 35.980
240 4 27.180 22.370
250 1 75.630 85.450
250 2 60.780 67.870
250 3 45.090 49.760
250 4 28.190 17.200
260 1 77.700 100.920
260 2 63.200 83.030
260 3 47.180 47.460
260 4 28.660 18.250
270 1 80.160 101.480
270 2 64.310 89.590
270 3 48.990 57.020
270 4 29.500 19.950
280 1 82.960 119.000
280 2 66.920 101.600
280 3 50.290 67.350
280 4 30.490 30.460
290 1 84.980 124.120
290 2 67.710 112.710
290 3 51.010 52.160
290 4 31.320 19.320
300 1 87.440 121.820
300 2 69.380 115.680
300 3 52.200 69.450
300 4 32.610 31.830